        Time / ns                E-Field (Z; 160 0 0) [1]/real
----------------------------------------------------------------------
                       0                               0
             0.016505562                               0
             0.033011124                               0
             0.049516686                               0
             0.066022247                               0
             0.082527809                               0
             0.099033371                               0
              0.11553893                               0
              0.13204449                               0
              0.14855006                               0
              0.16505562                               0
              0.18156118                               0
              0.19806674                               0
               0.2145723                               0
              0.23107787                               0
              0.24758343                               0
              0.26408899                  1.5714574e-014
              0.28059455                  1.5085107e-013
              0.29710011                  1.3912374e-012
              0.31360568                  8.3593897e-012
              0.33011124                  4.3092023e-011
               0.3466168                  1.8872291e-010
              0.36312236                  7.0231966e-010
              0.37962792                  2.3025792e-009
              0.39613348                  6.7067349e-009
              0.41263905                   1.746107e-008
              0.42914461                  4.1111708e-008
              0.44565017                  8.7901402e-008
              0.46215573                  1.7068333e-007
              0.47866129                  3.0102585e-007
              0.49516686                  4.7928063e-007
              0.51167242                   6.776626e-007
              0.52817798                  8.2237097e-007
              0.54468354                   7.765784e-007
               0.5611891                  3.3376451e-007
              0.57769466                 -7.5005431e-007
              0.59420023                 -2.6842614e-006
              0.61070579                 -5.5401749e-006
              0.62721135                 -9.0974484e-006
              0.64371691                    -1.2701e-005
              0.66022247                 -1.5202461e-005
              0.67672804                 -1.4948729e-005
               0.6932336                 -9.9358416e-006
              0.70973916                  1.7210537e-006
              0.72624472                  2.1215162e-005
              0.74275028                  4.8385525e-005
              0.75925584                  8.0763387e-005
              0.77576141                   0.00011278694
              0.79226697                   0.00013548913
              0.80877253                   0.00013655778
              0.82527809                   0.00010171423
              0.84178365                  1.7849763e-005
              0.85828922                  -0.00012314391
              0.87479478                  -0.00031943529
              0.89130034                  -0.00055303308
               0.9078059                  -0.00078539958
              0.92431146                  -0.00095677901
              0.94081703                  -0.00098956067
              0.95732259                  -0.00079877143
              0.97382815                  -0.00031060274
              0.99033371                   0.00051407353
               1.0068393                    0.0016521652
               1.0233448                     0.002991295
               1.0398504                    0.0043147759
                1.056356                    0.0053059132
               1.0728615                    0.0055760279
               1.0893671                    0.0047247474
               1.1058726                    0.0024322137
               1.1223782                   -0.0014308274
               1.1388838                   -0.0066913825
               1.1553893                    -0.012785233
               1.1718949                    -0.018726718
               1.1884005                    -0.023166616
                1.204906                    -0.024554381
               1.2214116                    -0.021410116
               1.2379171                    -0.012683651
               1.2544227                    0.0018567827
               1.2709283                     0.021283631
               1.2874338                     0.043309721
               1.3039394                     0.064326922
               1.3204449                     0.079752181
               1.3369505                     0.084695928
               1.3534561                     0.074905354
               1.3699616                     0.047855342
               1.3864672                    0.0037829366
               1.4029728                    -0.053579263
               1.4194783                     -0.11681297
               1.4359839                     -0.17535721
               1.4524894                     -0.21685671
                1.468995                      -0.2292242
               1.4855006                     -0.20314648
               1.5020061                     -0.13460155
               1.5185117                    -0.026851147
               1.5350173                      0.10862997
               1.5515228                      0.25270969
               1.5680284                      0.38082541
               1.5845339                      0.46674352
               1.6010395                      0.48735886
               1.6175451                      0.42772505
               1.6340506                      0.28531625
               1.6505562                       0.0725157
               1.6670617                     -0.18346105
               1.6835673                     -0.44358344
               1.7000729                     -0.66277456
               1.7165784                     -0.79763881
                1.733084                     -0.81484523
               1.7495896                     -0.69856173
               1.7660951                     -0.45533695
               1.7826007                     -0.11517325
               1.7991062                      0.27181202
               1.8156118                      0.64289974
               1.8321174                      0.93334278
               1.8486229                       1.0881668
               1.8651285                        1.072969
               1.8816341                      0.88152263
               1.8981396                      0.53849361
               1.9146452                      0.09645967
               1.9311507                     -0.37248737
               1.9476563                     -0.78917079
               1.9641619                      -1.0815366
               1.9806674                      -1.1979573
                1.997173                      -1.1170386
               2.0136785                      -0.8519576
               2.0301841                     -0.44840761
               2.0466897                     0.023537614
               2.0631952                      0.48212401
               2.0797008                      0.84877018
               2.0962064                       1.0622412
               2.1127119                       1.0894593
               2.1292175                      0.93095015
                2.145723                      0.61998734
               2.1622286                      0.21573367
               2.1787342                     -0.20817341
               2.1952397                     -0.57732069
               2.2117453                     -0.82987288
               2.2282508                     -0.92710715
               2.2447564                     -0.85930178
                2.261262                     -0.64611001
               2.2777675                     -0.33161785
               2.2942731                     0.024721841
               2.3107787                      0.35939143
               2.3272842                      0.61617051
               2.3437898                      0.75549966
               2.3602953                      0.76029584
               2.3768009                      0.63743537
               2.3933065                      0.41495166
                2.409812                        0.135766
               2.4263176                     -0.15066619
               2.4428232                      -0.3971692
               2.4593287                     -0.56655264
               2.4758343                     -0.63697117
               2.4923398                     -0.60423575
               2.5088454                     -0.48097451
                2.525351                     -0.29308854
               2.5418565                    -0.074371568
               2.5583621                      0.13961051
               2.5748676                      0.31728528
               2.5913732                      0.43557941
               2.6078788                      0.48257263
               2.6243843                       0.4580934
               2.6408899                      0.37242313
               2.6573955                      0.24355911
                2.673901                     0.093660007
               2.6904066                    -0.054654572
               2.7069121                      -0.1815677
               2.7234177                     -0.27246731
               2.7399233                     -0.31926577
               2.7564288                     -0.32062821
               2.7729344                     -0.28125833
                 2.78944                     -0.21049943
               2.8059455                     -0.12056096
               2.8224511                    -0.024654519
               2.8389566                     0.064722768
               2.8554622                      0.13718304
               2.8719678                      0.18543395
               2.8884733                      0.20581572
               2.9049789                      0.19838673
               2.9214844                       0.1666065
                 2.93799                      0.11667242
               2.9544956                     0.056582115
               2.9710011                   -0.0049674998
               2.9875067                    -0.059725432
               3.0040123                       -0.100944
               3.0205178                     -0.12420845
               3.0370234                     -0.12792618
               3.0535289                     -0.11340014
               3.0700345                    -0.084471994
               3.0865401                    -0.046795185
               3.1030456                    -0.006852717
               3.1195512                     0.029113199
               3.1360568                     0.056073326
               3.1525623                     0.070927583
               3.1690679                     0.072847833
               3.1855734                     0.063203215
                3.202079                     0.045112129
               3.2185846                     0.022723497
               3.2350901                   0.00037975093
               3.2515957                    -0.018169598
               3.2681012                    -0.030365184
               3.2846068                    -0.035147529
               3.3011124                    -0.032948616
               3.3176179                    -0.025407233
               3.3341235                    -0.014890001
               3.3506291                   -0.0039345945
               3.3671346                    0.0052602064
               3.3836402                      0.01120725
               3.4001457                     0.013311704
               3.4166513                     0.011848272
               3.4331569                    0.0077715442
               3.4496624                    0.0024215589
                3.466168                   -0.0028003978
               3.4826735                   -0.0067161325
               3.4991791                   -0.0085673749
               3.5156847                   -0.0080997267
               3.5321902                   -0.0055391217
               3.5486958                   -0.0014869588
               3.5652014                    0.0032348621
               3.5817069                    0.0077499164
               3.5982125                     0.011272588
                3.614718                     0.013216523
               3.6312236                     0.013257149
               3.6477292                     0.011351896
               3.6642347                    0.0077255572
               3.6807403                    0.0028269636
               3.6972459                   -0.0027303638
               3.7137514                   -0.0082396824
                3.730257                    -0.012984517
               3.7467625                    -0.016323231
               3.7632681                    -0.017769876
               3.7797737                    -0.017066196
               3.7962792                    -0.014228486
               3.8127848                   -0.0095597048
               3.8292903                   -0.0036224476
               3.8457959                    0.0028296801
               3.8623015                    0.0089550285
                3.878807                     0.013947426
               3.8953126                     0.017158132
               3.9118182                     0.018194062
               3.9283237                     0.016978182
               3.9448293                     0.013756989
               3.9613348                    0.0090520604
               3.9778404                    0.0035696276
                3.994346                   -0.0019176472
               4.0108515                   -0.0066953375
               4.0273571                    -0.010213322
               4.0438627                     -0.01215744
               4.0603682                    -0.012474314
               4.0768738                    -0.011349365
               4.0933793                   -0.0091490154
               4.1098849                   -0.0063363332
               4.1263905                   -0.0033807275
                4.142896                  -0.00068238619
               4.1594016                    0.0014819361
               4.1759071                    0.0029826161
               4.1924127                    0.0038279181
               4.2089183                    0.0041323766
               4.2254238                    0.0040704481
               4.2419294                    0.0038267704
                4.258435                    0.0035548559
               4.2749405                    0.0033486126
               4.2914461                     0.003232272
               4.3079516                    0.0031673695
               4.3244572                    0.0030705785
               4.3409628                    0.0028406737
               4.3574683                    0.0023864166
               4.3739739                    0.0016489045
               4.3904795                   0.00061877428
                4.406985                  -0.00065660114
               4.4234906                   -0.0020764983
               4.4399961                   -0.0034975501
               4.4565017                   -0.0047523217
               4.4730073                   -0.0056716906
               4.4895128                   -0.0061087215
               4.5060184                   -0.0059628007
               4.5225239                   -0.0051974726
               4.5390295                   -0.0038514756
               4.5555351                   -0.0020414087
               4.5720406                  4.8940623e-005
               4.5885462                    0.0021886674
               4.6050518                    0.0041279949
               4.6215573                    0.0056334474
               4.6380629                    0.0065206093
               4.6545684                    0.0066815613
                4.671074                    0.0061031167
               4.6875796                     0.004868704
               4.7040851                    0.0031463348
               4.7205907                    0.0011637607
               4.7370962                  -0.00082676918
               4.7536018                   -0.0025849702
               4.7701074                   -0.0039165699
               4.7866129                   -0.0046987873
               4.8031185                    -0.004891041
               4.8196241                   -0.0045338008
               4.8361296                   -0.0037344448
               4.8526352                    -0.002642824
               4.8691407                   -0.0014255345
               4.8856463                  -0.00023987896
               4.9021519                   0.00078716663
               4.9186574                    0.0015696376
                4.935163                    0.0020669151
               4.9516686                    0.0022797728
               4.9681741                    0.0022400964
               4.9846797                    0.0020009578
               5.0011852                    0.0016246692
               5.0176908                    0.0011731092
               5.0341964                   0.00070359401
               5.0507019                   0.00026380799
               5.0672075                  -0.00011020737
                5.083713                  -0.00039257521
               5.1002186                  -0.00056957346
               5.1167242                  -0.00064016724
               5.1332297                  -0.00061479638
               5.1497353                  -0.00051573358
               5.1662409                  -0.00037406032
               5.1827464                  -0.00022518081
                5.199252                  -0.00010412918
               5.2157575                  -3.826413e-005
               5.2322631                 -4.2241699e-005
               5.2487687                  -0.00011502395
               5.2652742                  -0.00023844783
               5.2817798                  -0.00038144334
               5.2982854                  -0.00050597212
               5.3147909                  -0.00057433049
               5.3312965                  -0.00055883411
                5.347802                  -0.00044742516
               5.3643076                  -0.00024662285
               5.3808132                  1.7901421e-005
               5.3973187                   0.00030735122
               5.4138243                   0.00057686001
               5.4303298                   0.00078318236
               5.4468354                     0.000894608
                5.463341                   0.00089571875
               5.4798465                   0.00078888087
               5.4963521                   0.00059464012
               5.5128577                   0.00034591414
               5.5293632                  8.0624023e-005
               5.5458688                  -0.00016426462
               5.5623743                  -0.00035969448
               5.5788799                  -0.00048852067
               5.5953855                  -0.00054622009
                5.611891                  -0.00053998242
               5.6283966                  -0.00048493168
               5.6449022                  -0.00039988853
               5.6614077                  -0.00030326286
               5.6779133                  -0.00020928829
               5.6944188                  -0.00012696657
               5.7109244                 -5.9850572e-005
                 5.72743                 -6.7703433e-006
               5.7439355                  3.5578035e-005
               5.7604411                   7.103855e-005
               5.7769466                   0.00010263662
               5.7934522                   0.00013152181
               5.8099578                   0.00015764363
               5.8264633                   0.00017975905
               5.8429689                   0.00019604466
               5.8594745                   0.00020569957
                 5.87598                   0.00020835352
               5.8924856                   0.00020378694
               5.9089911                    0.0001924042
               5.9254967                   0.00017402644
               5.9420023                   0.00014763642
               5.9585078                   0.00011200774
               5.9750134                  6.5793543e-005
               5.9915189                  8.6075632e-006
               6.0080245                 -5.8055627e-005
               6.0245301                  -0.00013047487

